# Made in Blockbench 4.9.4
mtllib mushroom_umbrella.mtl

o cube
v 0.07499999999999996 1.6124999999999998 0.07499999999999996
v 0.07499999999999996 1.6124999999999998 -0.012500000000000011
v 0.07499999999999996 -0.012499999999999956 0.07499999999999996
v 0.07499999999999996 -0.012499999999999956 -0.012500000000000011
v -0.012500000000000011 1.6124999999999998 -0.012500000000000011
v -0.012500000000000011 1.6124999999999998 0.07499999999999996
v -0.012500000000000011 -0.012499999999999956 -0.012500000000000011
v -0.012500000000000011 -0.012499999999999956 0.07499999999999996
vt 0.25 0.6640625
vt 0.2578125 0.6640625
vt 0.2578125 0.4609375
vt 0.25 0.4609375
vt 0.2578125 0.6640625
vt 0.265625 0.6640625
vt 0.265625 0.4609375
vt 0.2578125 0.4609375
vt 0.265625 0.6640625
vt 0.2734375 0.6640625
vt 0.2734375 0.4609375
vt 0.265625 0.4609375
vt 0.2734375 0.6640625
vt 0.28125 0.6640625
vt 0.28125 0.4609375
vt 0.2734375 0.4609375
vt 0.3828125 0.65625
vt 0.375 0.65625
vt 0.375 0.6640625
vt 0.3828125 0.6640625
vt 0.3828125 0.65625
vt 0.375 0.65625
vt 0.375 0.6484375
vt 0.3828125 0.6484375
vn 0 0 -1
vn 1 0 0
vn 0 0 1
vn -1 0 0
vn 0 1 0
vn 0 -1 0
usemtl m_73ea9012-a678-1671-b48b-259b58440f2a
f 7/3/1 5/2/1 2/1/1
f 4/4/1 7/3/1 2/1/1
f 4/7/2 2/6/2 1/5/2
f 3/8/2 4/7/2 1/5/2
f 3/11/3 1/10/3 6/9/3
f 8/12/3 3/11/3 6/9/3
f 8/15/4 6/14/4 5/13/4
f 7/16/4 8/15/4 5/13/4
f 1/19/5 2/18/5 5/17/5
f 6/20/5 1/19/5 5/17/5
f 4/23/6 3/22/6 8/21/6
f 7/24/6 4/23/6 8/21/6
o cube
v 0.28125 1.602191896606043 -0.1122230001563363
v 0.28125 1.3414015373202208 -0.8287386235055915
v 0.28125 1.602191896606043 -0.1122230001563363
v 0.28125 1.3414015373202208 -0.8287386235055915
v -0.40625 1.3414015373202208 -0.8287386235055915
v -0.40625 1.602191896606043 -0.1122230001563363
v -0.40625 1.3414015373202208 -0.8287386235055915
v -0.40625 1.602191896606043 -0.1122230001563363
vt 0 1
vt 0.0859375 1
vt 0.0859375 1
vt 0 1
vt 0 1
vt 0.09375 1
vt 0.09375 1
vt 0 1
vt 0 1
vt 0.0859375 1
vt 0.0859375 1
vt 0 1
vt 0 1
vt 0.09375 1
vt 0.09375 1
vt 0 1
vt 0.359375 0.90625
vt 0.2734375 0.90625
vt 0.2734375 1
vt 0.359375 1
vt 0.3828125 0.78125
vt 0.296875 0.78125
vt 0.296875 0.6875
vt 0.3828125 0.6875
vn 0 -0.34202014332566866 -0.9396926207859084
vn 1 0 0
vn 0 0.34202014332566866 0.9396926207859084
vn -1 0 0
vn 0 0.9396926207859084 -0.34202014332566866
vn 0 -0.9396926207859084 0.34202014332566866
usemtl m_73ea9012-a678-1671-b48b-259b58440f2a
f 15/27/7 13/26/7 10/25/7
f 12/28/7 15/27/7 10/25/7
f 12/31/8 10/30/8 9/29/8
f 11/32/8 12/31/8 9/29/8
f 11/35/9 9/34/9 14/33/9
f 16/36/9 11/35/9 14/33/9
f 16/39/10 14/38/10 13/37/10
f 15/40/10 16/39/10 13/37/10
f 9/43/11 10/42/11 13/41/11
f 14/44/11 9/43/11 13/41/11
f 12/47/12 11/46/12 16/45/12
f 15/48/12 12/47/12 16/45/12
o cube
v 0.35 1.3454395264378798 0.8716905496296696
v 0.35 1.6575329072225524 0.014221033162528318
v 0.35 1.3454395264378798 0.8716905496296696
v 0.35 1.6575329072225524 0.014221033162528318
v -0.40625 1.6575329072225524 0.014221033162528318
v -0.40625 1.3454395264378798 0.8716905496296696
v -0.40625 1.6575329072225524 0.014221033162528318
v -0.40625 1.3454395264378798 0.8716905496296696
vt 0 1
vt 0.09375 1
vt 0.09375 1
vt 0 1
vt 0 1
vt 0.1171875 1
vt 0.1171875 1
vt 0 1
vt 0 1
vt 0.09375 1
vt 0.09375 1
vt 0 1
vt 0 1
vt 0.1171875 1
vt 0.1171875 1
vt 0 1
vt 0.09375 0.8828125
vt 0 0.8828125
vt 0 1
vt 0.09375 1
vt 0.1875 1
vt 0.09375 1
vt 0.09375 0.8828125
vt 0.1875 0.8828125
vn 0 0.34202014332566866 -0.9396926207859084
vn 1 0 0
vn 0 -0.34202014332566866 0.9396926207859084
vn -1 0 0
vn 0 0.9396926207859084 0.34202014332566866
vn 0 -0.9396926207859084 -0.34202014332566866
usemtl m_73ea9012-a678-1671-b48b-259b58440f2a
f 23/51/13 21/50/13 18/49/13
f 20/52/13 23/51/13 18/49/13
f 20/55/14 18/54/14 17/53/14
f 19/56/14 20/55/14 17/53/14
f 19/59/15 17/58/15 22/57/15
f 24/60/15 19/59/15 22/57/15
f 24/63/16 22/62/16 21/61/16
f 23/64/16 24/63/16 21/61/16
f 17/67/17 18/66/17 21/65/17
f 22/68/17 17/67/17 21/65/17
f 20/71/18 19/70/18 24/69/18
f 23/72/18 20/71/18 24/69/18
o cube
v 0.8221879045196858 1.3669236320656941 0.40625
v 0.8221879045196858 1.3669236320656941 -0.28125000000000006
v 0.8221879045196858 1.3669236320656941 0.40625
v 0.8221879045196858 1.3669236320656941 -0.28125000000000006
v 0.25249925316822885 1.5742733439568806 -0.28125000000000006
v 0.25249925316822885 1.5742733439568806 0.40625
v 0.25249925316822885 1.5742733439568806 -0.28125000000000006
v 0.25249925316822885 1.5742733439568806 0.40625
vt 0 1
vt 0.078125 1
vt 0.078125 1
vt 0 1
vt 0 1
vt 0.0859375 1
vt 0.0859375 1
vt 0 1
vt 0 1
vt 0.078125 1
vt 0.078125 1
vt 0 1
vt 0 1
vt 0.0859375 1
vt 0.0859375 1
vt 0 1
vt 0.375 0.6015625
vt 0.296875 0.6015625
vt 0.296875 0.6875
vt 0.375 0.6875
vt 0.078125 0.671875
vt 0 0.671875
vt 0 0.5859375
vt 0.078125 0.5859375
vn 0 0 -1
vn 0.9396926207859084 -0.34202014332566866 0
vn 0 0 1
vn -0.9396926207859084 0.34202014332566866 0
vn 0.34202014332566866 0.9396926207859084 0
vn -0.34202014332566866 -0.9396926207859084 0
usemtl m_73ea9012-a678-1671-b48b-259b58440f2a
f 31/75/19 29/74/19 26/73/19
f 28/76/19 31/75/19 26/73/19
f 28/79/20 26/78/20 25/77/20
f 27/80/20 28/79/20 25/77/20
f 27/83/21 25/82/21 30/81/21
f 32/84/21 27/83/21 30/81/21
f 32/87/22 30/86/22 29/85/22
f 31/88/22 32/87/22 29/85/22
f 25/91/23 26/90/23 29/89/23
f 30/92/23 25/91/23 29/89/23
f 28/95/24 27/94/24 32/93/24
f 31/96/24 28/95/24 32/93/24
o cube
v -0.12862479788263403 1.5994066252328536 0.40625
v -0.12862479788263403 1.5994066252328536 -0.34375
v -0.12862479788263403 1.5994066252328536 0.40625
v -0.12862479788263403 1.5994066252328536 -0.34375
v -0.8921250522711848 1.3215152587807477 -0.34375
v -0.8921250522711848 1.3215152587807477 0.40625
v -0.8921250522711848 1.3215152587807477 -0.34375
v -0.8921250522711848 1.3215152587807477 0.40625
vt 0 1
vt 0.1015625 1
vt 0.1015625 1
vt 0 1
vt 0 1
vt 0.09375 1
vt 0.09375 1
vt 0 1
vt 0 1
vt 0.1015625 1
vt 0.1015625 1
vt 0 1
vt 0 1
vt 0.09375 1
vt 0.09375 1
vt 0 1
vt 0.1015625 0.671875
vt 0 0.671875
vt 0 0.765625
vt 0.1015625 0.765625
vt 0.203125 0.765625
vt 0.1015625 0.765625
vt 0.1015625 0.671875
vt 0.203125 0.671875
vn 0 0 -1
vn 0.9396926207859084 0.34202014332566866 0
vn 0 0 1
vn -0.9396926207859084 -0.34202014332566866 0
vn -0.34202014332566866 0.9396926207859084 0
vn 0.34202014332566866 -0.9396926207859084 0
usemtl m_73ea9012-a678-1671-b48b-259b58440f2a
f 39/99/25 37/98/25 34/97/25
f 36/100/25 39/99/25 34/97/25
f 36/103/26 34/102/26 33/101/26
f 35/104/26 36/103/26 33/101/26
f 35/107/27 33/106/27 38/105/27
f 40/108/27 35/107/27 38/105/27
f 40/111/28 38/110/28 37/109/28
f 39/112/28 40/111/28 37/109/28
f 33/115/29 34/114/29 37/113/29
f 38/116/29 33/115/29 37/113/29
f 36/119/30 35/118/30 40/117/30
f 39/120/30 36/119/30 40/117/30
o cube
v 0.22693088276642137 1.6379226596124123 -0.19226329105773782
v -0.4043089904028195 1.313003523453027 -0.8235031642269787
v 0.22693088276642137 1.6379226596124123 -0.19226329105773782
v -0.4043089904028195 1.313003523453027 -0.8235031642269787
v -0.8904449024685709 1.313003523453027 -0.33736725216122726
v -0.25920502929933 1.6379226596124123 0.2938726210080136
v -0.8904449024685709 1.313003523453027 -0.33736725216122726
v -0.25920502929933 1.6379226596124123 0.2938726210080136
vt 0 1
vt 0.0859375 1
vt 0.0859375 1
vt 0 1
vt 0 1
vt 0.1171875 1
vt 0.1171875 1
vt 0 1
vt 0 1
vt 0.0859375 1
vt 0.0859375 1
vt 0 1
vt 0 1
vt 0.1171875 1
vt 0.1171875 1
vt 0 1
vt 0.0859375 0.765625
vt 0 0.765625
vt 0 0.8828125
vt 0.0859375 0.8828125
vt 0.171875 0.8828125
vt 0.0859375 0.8828125
vt 0.0859375 0.765625
vt 0.171875 0.765625
vn -0.6644630243886748 -0.3420201433256687 -0.6644630243886748
vn 0.7071067811865476 -2.7755575615628914e-17 -0.7071067811865475
vn 0.6644630243886748 0.3420201433256687 0.6644630243886748
vn -0.7071067811865476 2.7755575615628914e-17 0.7071067811865475
vn -0.24184476264797525 0.9396926207859084 -0.2418447626479753
vn 0.24184476264797525 -0.9396926207859084 0.2418447626479753
usemtl m_73ea9012-a678-1671-b48b-259b58440f2a
f 47/123/31 45/122/31 42/121/31
f 44/124/31 47/123/31 42/121/31
f 44/127/32 42/126/32 41/125/32
f 43/128/32 44/127/32 41/125/32
f 43/131/33 41/130/33 46/129/33
f 48/132/33 43/131/33 46/129/33
f 48/135/34 46/134/34 45/133/34
f 47/136/34 48/135/34 45/133/34
f 41/139/35 42/138/35 45/137/35
f 46/140/35 41/139/35 45/137/35
f 44/143/36 43/142/36 48/141/36
f 47/144/36 44/143/36 48/141/36
o cube
v 0.27528355794907333 1.6250969042377 0.2601164228286066
v 0.8234655530697299 1.342930285994023 -0.28806557229205
v 0.27528355794907333 1.6250969042377 0.2601164228286066
v 0.8234655530697299 1.342930285994023 -0.28806557229205
v 0.27987721503257157 1.342930285994023 -0.8316539103292084
v -0.268304780088085 1.6250969042377 -0.28347191520855186
v 0.27987721503257157 1.342930285994023 -0.8316539103292084
v -0.268304780088085 1.6250969042377 -0.28347191520855186
vt 0 1
vt 0.09375 1
vt 0.09375 1
vt 0 1
vt 0 1
vt 0.1015625 1
vt 0.1015625 1
vt 0 1
vt 0 1
vt 0.09375 1
vt 0.09375 1
vt 0 1
vt 0 1
vt 0.1015625 1
vt 0.1015625 1
vt 0 1
vt 0.296875 0.6640625
vt 0.203125 0.6640625
vt 0.203125 0.765625
vt 0.296875 0.765625
vt 0.3515625 0.8828125
vt 0.2578125 0.8828125
vt 0.2578125 0.78125
vt 0.3515625 0.78125
vn 0.6644630243886748 -0.3420201433256687 -0.6644630243886748
vn 0.7071067811865476 2.7755575615628914e-17 0.7071067811865475
vn -0.6644630243886748 0.3420201433256687 0.6644630243886748
vn -0.7071067811865476 -2.7755575615628914e-17 -0.7071067811865475
vn 0.24184476264797525 0.9396926207859084 -0.2418447626479753
vn -0.24184476264797525 -0.9396926207859084 0.2418447626479753
usemtl m_73ea9012-a678-1671-b48b-259b58440f2a
f 55/147/37 53/146/37 50/145/37
f 52/148/37 55/147/37 50/145/37
f 52/151/38 50/150/38 49/149/38
f 51/152/38 52/151/38 49/149/38
f 51/155/39 49/154/39 54/153/39
f 56/156/39 51/155/39 54/153/39
f 56/159/40 54/158/40 53/157/40
f 55/160/40 56/159/40 53/157/40
f 49/163/41 50/162/41 53/161/41
f 54/164/41 49/163/41 53/161/41
f 52/167/42 51/166/42 56/165/42
f 55/168/42 52/167/42 56/165/42
o cube
v -0.3999508363459759 1.3032224369170526 0.8911566432994966
v 0.22713614292083584 1.6260039471806524 0.26406966403268484
v -0.3999508363459759 1.3032224369170526 0.8911566432994966
v 0.22713614292083584 1.6260039471806524 0.26406966403268484
v -0.25899976914491557 1.6260039471806524 -0.22206624803306657
v -0.8860867484117273 1.3032224369170526 0.40502073123374516
v -0.25899976914491557 1.6260039471806524 -0.22206624803306657
v -0.8860867484117273 1.3032224369170526 0.40502073123374516
vt 0 1
vt 0.0859375 1
vt 0.0859375 1
vt 0 1
vt 0 1
vt 0.1171875 1
vt 0.1171875 1
vt 0 1
vt 0 1
vt 0.0859375 1
vt 0.0859375 1
vt 0 1
vt 0 1
vt 0.1171875 1
vt 0.1171875 1
vt 0 1
vt 0.2578125 0.765625
vt 0.171875 0.765625
vt 0.171875 0.8828125
vt 0.2578125 0.8828125
vt 0.2734375 1
vt 0.1875 1
vt 0.1875 0.8828125
vt 0.2734375 0.8828125
vn 0.6644630243886748 0.3420201433256687 -0.6644630243886748
vn 0.7071067811865476 -2.7755575615628914e-17 0.7071067811865475
vn -0.6644630243886748 -0.3420201433256687 0.6644630243886748
vn -0.7071067811865476 2.7755575615628914e-17 -0.7071067811865475
vn -0.24184476264797525 0.9396926207859084 0.2418447626479753
vn 0.24184476264797525 -0.9396926207859084 -0.2418447626479753
usemtl m_73ea9012-a678-1671-b48b-259b58440f2a
f 63/171/43 61/170/43 58/169/43
f 60/172/43 63/171/43 58/169/43
f 60/175/44 58/174/44 57/173/44
f 59/176/44 60/175/44 57/173/44
f 59/179/45 57/178/45 62/177/45
f 64/180/45 59/179/45 62/177/45
f 64/183/46 62/182/46 61/181/46
f 63/184/46 64/183/46 61/181/46
f 57/187/47 58/186/47 61/185/47
f 62/188/47 57/187/47 61/185/47
f 60/191/48 59/190/48 64/189/48
f 63/192/48 60/191/48 64/189/48
o cube
v 0.8307665102802138 1.320323444083336 0.3938946669263911
v 0.48607631637858895 1.4977463934335267 0.04920447302476605
v 0.8307665102802138 1.320323444083336 0.3938946669263911
v 0.48607631637858895 1.4977463934335267 0.04920447302476605
v -0.00005959568716246144 1.4977463934335267 0.5353403850905174
v 0.3446305982144625 1.320323444083336 0.8800305789921423
v -0.00005959568716246144 1.4977463934335267 0.5353403850905174
v 0.3446305982144625 1.320323444083336 0.8800305789921423
vt 0 1
vt 0.0859375 1
vt 0.0859375 1
vt 0 1
vt 0 1
vt 0.0625 1
vt 0.0625 1
vt 0 1
vt 0 1
vt 0.0859375 1
vt 0.0859375 1
vt 0 1
vt 0 1
vt 0.0625 1
vt 0.0625 1
vt 0 1
vt 0.1640625 0.609375
vt 0.078125 0.609375
vt 0.078125 0.671875
vt 0.1640625 0.671875
vt 0.25 0.6640625
vt 0.1640625 0.6640625
vt 0.1640625 0.6015625
vt 0.25 0.6015625
vn -0.6644630243886748 0.3420201433256687 -0.6644630243886748
vn 0.7071067811865476 2.7755575615628914e-17 -0.7071067811865475
vn 0.6644630243886748 -0.3420201433256687 0.6644630243886748
vn -0.7071067811865476 -2.7755575615628914e-17 0.7071067811865475
vn 0.24184476264797525 0.9396926207859084 0.2418447626479753
vn -0.24184476264797525 -0.9396926207859084 -0.2418447626479753
usemtl m_73ea9012-a678-1671-b48b-259b58440f2a
f 71/195/49 69/194/49 66/193/49
f 68/196/49 71/195/49 66/193/49
f 68/199/50 66/198/50 65/197/50
f 67/200/50 68/199/50 65/197/50
f 67/203/51 65/202/51 70/201/51
f 72/204/51 67/203/51 70/201/51
f 72/207/52 70/206/52 69/205/52
f 71/208/52 72/207/52 69/205/52
f 65/211/53 66/210/53 69/209/53
f 70/212/53 65/211/53 69/209/53
f 68/215/54 67/214/54 72/213/54
f 71/216/54 68/215/54 72/213/54
o cube
v -0.3050987872654495 1.4571790104941504 0.41623469933120083
v -0.21373512141200673 1.50420678020143 0.32487103347775803
v -0.3035872574988996 1.4513059316142385 0.41472316956465094
v -0.21222359164545684 1.4983337013215179 0.32335950371120825
v -0.5672885120052804 1.50420678020143 -0.028682357115515644
v -0.6586521778587232 1.4571790104941504 0.0626813087379271
v -0.5657769822387305 1.4983337013215179 -0.030193886882065535
v -0.6571406480921733 1.4513059316142385 0.06116977897137721
vt 0.2734375 0.890625
vt 0.3359375 0.890625
vt 0.3359375 0.8828125
vt 0.2734375 0.8828125
vt 0.28125 0.625
vt 0.296875 0.625
vt 0.296875 0.6171875
vt 0.28125 0.6171875
vt 0.3515625 0.8125
vt 0.4140625 0.8125
vt 0.4140625 0.8046875
vt 0.3515625 0.8046875
vt 0.375 0.6875
vt 0.390625 0.6875
vt 0.390625 0.6796875
vt 0.375 0.6796875
vt 0.3359375 0.890625
vt 0.2734375 0.890625
vt 0.2734375 0.90625
vt 0.3359375 0.90625
vt 0.3984375 0.90625
vt 0.3359375 0.90625
vt 0.3359375 0.890625
vt 0.3984375 0.890625
vn 0.6644630243886748 0.3420201433256687 -0.6644630243886748
vn 0.7071067811865476 -2.7755575615628914e-17 0.7071067811865475
vn -0.6644630243886748 -0.3420201433256687 0.6644630243886748
vn -0.7071067811865476 2.7755575615628914e-17 -0.7071067811865475
vn -0.24184476264797525 0.9396926207859084 0.2418447626479753
vn 0.24184476264797525 -0.9396926207859084 -0.2418447626479753
usemtl m_73ea9012-a678-1671-b48b-259b58440f2a
f 79/219/55 77/218/55 74/217/55
f 76/220/55 79/219/55 74/217/55
f 76/223/56 74/222/56 73/221/56
f 75/224/56 76/223/56 73/221/56
f 75/227/57 73/226/57 78/225/57
f 80/228/57 75/227/57 78/225/57
f 80/231/58 78/230/58 77/229/58
f 79/232/58 80/231/58 77/229/58
f 73/235/59 74/234/59 77/233/59
f 78/236/59 73/235/59 77/233/59
f 76/239/60 75/238/60 80/237/60
f 79/240/60 76/239/60 80/237/60
o cube
v 0.09375 1.525787727913876 -0.3151272316540872
v 0.09375 1.272035506130715 -0.10220383594542104
v 0.09375 1.533822573034958 -0.3055516761150998
v 0.09375 1.2800703512517968 -0.09262828040643373
v -0.03125 1.272035506130715 -0.10220383594542104
v -0.03125 1.525787727913876 -0.3151272316540872
v -0.03125 1.2800703512517968 -0.09262828040643373
v -0.03125 1.533822573034958 -0.3055516761150998
vt 0.3359375 0.890625
vt 0.3515625 0.890625
vt 0.3515625 0.8828125
vt 0.3359375 0.8828125
vt 0.2578125 0.78125
vt 0.296875 0.78125
vt 0.296875 0.7734375
vt 0.2578125 0.7734375
vt 0.375 0.9609375
vt 0.390625 0.9609375
vt 0.390625 0.953125
vt 0.375 0.953125
vt 0.2578125 0.7734375
vt 0.296875 0.7734375
vt 0.296875 0.765625
vt 0.2578125 0.765625
vt 0.296875 0.625
vt 0.28125 0.625
vt 0.28125 0.6640625
vt 0.296875 0.6640625
vt 0.3671875 0.890625
vt 0.3515625 0.890625
vt 0.3515625 0.8515625
vt 0.3671875 0.8515625
vn 0 -0.766044443118978 0.6427876096865393
vn 1 0 0
vn 0 0.766044443118978 -0.6427876096865393
vn -1 0 0
vn 0 -0.6427876096865393 -0.766044443118978
vn 0 0.6427876096865393 0.766044443118978
usemtl m_73ea9012-a678-1671-b48b-259b58440f2a
f 87/243/61 85/242/61 82/241/61
f 84/244/61 87/243/61 82/241/61
f 84/247/62 82/246/62 81/245/62
f 83/248/62 84/247/62 81/245/62
f 83/251/63 81/250/63 86/249/63
f 88/252/63 83/251/63 86/249/63
f 88/255/64 86/254/64 85/253/64
f 87/256/64 88/255/64 85/253/64
f 81/259/65 82/258/65 85/257/65
f 86/260/65 81/259/65 85/257/65
f 84/263/66 83/262/66 88/261/66
f 87/264/66 84/263/66 88/261/66
o cube
v 0.07499999999999996 1.29375 -0.012500000000000011
v 0.07499999999999996 1.29375 -0.09999999999999998
v 0.07499999999999996 1.26875 -0.012500000000000011
v 0.07499999999999996 1.26875 -0.09999999999999998
v -0.012500000000000011 1.29375 -0.09999999999999998
v -0.012500000000000011 1.29375 -0.012500000000000011
v -0.012500000000000011 1.26875 -0.09999999999999998
v -0.012500000000000011 1.26875 -0.012500000000000011
vt 0 1
vt 0.0078125 1
vt 0.0078125 1
vt 0 1
vt 0 1
vt 0.0078125 1
vt 0.0078125 1
vt 0 1
vt 0 1
vt 0.0078125 1
vt 0.0078125 1
vt 0 1
vt 0 1
vt 0.0078125 1
vt 0.0078125 1
vt 0 1
vt 0.3828125 0.640625
vt 0.375 0.640625
vt 0.375 0.6484375
vt 0.3828125 0.6484375
vt 0.3828125 0.640625
vt 0.375 0.640625
vt 0.375 0.6328125
vt 0.3828125 0.6328125
vn 0 0 -1
vn 1 0 0
vn 0 0 1
vn -1 0 0
vn 0 1 0
vn 0 -1 0
usemtl m_73ea9012-a678-1671-b48b-259b58440f2a
f 95/267/67 93/266/67 90/265/67
f 92/268/67 95/267/67 90/265/67
f 92/271/68 90/270/68 89/269/68
f 91/272/68 92/271/68 89/269/68
f 91/275/69 89/274/69 94/273/69
f 96/276/69 91/275/69 94/273/69
f 96/279/70 94/278/70 93/277/70
f 95/280/70 96/279/70 93/277/70
f 89/283/71 90/282/71 93/281/71
f 94/284/71 89/283/71 93/281/71
f 92/287/72 91/286/72 96/285/72
f 95/288/72 92/287/72 96/285/72
o cube
v -0.01874999999999999 1.29375 0.07499999999999996
v -0.01874999999999999 1.29375 -0.012500000000000011
v -0.01874999999999999 1.26875 0.07499999999999996
v -0.01874999999999999 1.26875 -0.012500000000000011
v -0.10625000000000001 1.29375 -0.012500000000000011
v -0.10625000000000001 1.29375 0.07499999999999996
v -0.10625000000000001 1.26875 -0.012500000000000011
v -0.10625000000000001 1.26875 0.07499999999999996
vt 0 1
vt 0.0078125 1
vt 0.0078125 1
vt 0 1
vt 0 1
vt 0.0078125 1
vt 0.0078125 1
vt 0 1
vt 0 1
vt 0.0078125 1
vt 0.0078125 1
vt 0 1
vt 0 1
vt 0.0078125 1
vt 0.0078125 1
vt 0 1
vt 0.390625 0.8828125
vt 0.3828125 0.8828125
vt 0.3828125 0.890625
vt 0.390625 0.890625
vt 0.390625 0.8828125
vt 0.3828125 0.8828125
vt 0.3828125 0.875
vt 0.390625 0.875
vn 0 0 -1
vn 1 0 0
vn 0 0 1
vn -1 0 0
vn 0 1 0
vn 0 -1 0
usemtl m_73ea9012-a678-1671-b48b-259b58440f2a
f 103/291/73 101/290/73 98/289/73
f 100/292/73 103/291/73 98/289/73
f 100/295/74 98/294/74 97/293/74
f 99/296/74 100/295/74 97/293/74
f 99/299/75 97/298/75 102/297/75
f 104/300/75 99/299/75 102/297/75
f 104/303/76 102/302/76 101/301/76
f 103/304/76 104/303/76 101/301/76
f 97/307/77 98/306/77 101/305/77
f 102/308/77 97/307/77 101/305/77
f 100/311/78 99/310/78 104/309/78
f 103/312/78 100/311/78 104/309/78
o cube
v 0.09375 1.2712965599979869 0.16773295181329595
v 0.09375 1.5250487817811482 0.380656347521962
v 0.09375 1.2793314051190685 0.15815739627430858
v 0.09375 1.53308362690223 0.3710807919829746
v -0.03125 1.5250487817811482 0.380656347521962
v -0.03125 1.2712965599979869 0.16773295181329595
v -0.03125 1.53308362690223 0.3710807919829746
v -0.03125 1.2793314051190685 0.15815739627430858
vt 0.375 0.953125
vt 0.390625 0.953125
vt 0.390625 0.9453125
vt 0.375 0.9453125
vt 0.1640625 0.671875
vt 0.203125 0.671875
vt 0.203125 0.6640625
vt 0.1640625 0.6640625
vt 0.375 0.9453125
vt 0.390625 0.9453125
vt 0.390625 0.9375
vt 0.375 0.9375
vt 0.3515625 0.8046875
vt 0.390625 0.8046875
vt 0.390625 0.796875
vt 0.3515625 0.796875
vt 0.3671875 0.8125
vt 0.3515625 0.8125
vt 0.3515625 0.8515625
vt 0.3671875 0.8515625
vt 0.375 1
vt 0.359375 1
vt 0.359375 0.9609375
vt 0.375 0.9609375
vn 0 0.766044443118978 0.6427876096865393
vn 1 0 0
vn 0 -0.766044443118978 -0.6427876096865393
vn -1 0 0
vn 0 -0.6427876096865393 0.766044443118978
vn 0 0.6427876096865393 -0.766044443118978
usemtl m_73ea9012-a678-1671-b48b-259b58440f2a
f 111/315/79 109/314/79 106/313/79
f 108/316/79 111/315/79 106/313/79
f 108/319/80 106/318/80 105/317/80
f 107/320/80 108/319/80 105/317/80
f 107/323/81 105/322/81 110/321/81
f 112/324/81 107/323/81 110/321/81
f 112/327/82 110/326/82 109/325/82
f 111/328/82 112/327/82 109/325/82
f 105/331/83 106/330/83 109/329/83
f 110/332/83 105/331/83 109/329/83
f 108/335/84 107/334/84 112/333/84
f 111/336/84 108/335/84 112/333/84
o cube
v 0.07499999999999996 1.29375 0.17500000000000004
v 0.07499999999999996 1.29375 0.08750000000000002
v 0.07499999999999996 1.26875 0.17500000000000004
v 0.07499999999999996 1.26875 0.08750000000000002
v -0.012500000000000011 1.29375 0.08750000000000002
v -0.012500000000000011 1.29375 0.17500000000000004
v -0.012500000000000011 1.26875 0.08750000000000002
v -0.012500000000000011 1.26875 0.17500000000000004
vt 0 1
vt 0.0078125 1
vt 0.0078125 1
vt 0 1
vt 0 1
vt 0.0078125 1
vt 0.0078125 1
vt 0 1
vt 0 1
vt 0.0078125 1
vt 0.0078125 1
vt 0 1
vt 0 1
vt 0.0078125 1
vt 0.0078125 1
vt 0 1
vt 0.3828125 0.625
vt 0.375 0.625
vt 0.375 0.6328125
vt 0.3828125 0.6328125
vt 0.3828125 0.625
vt 0.375 0.625
vt 0.375 0.6171875
vt 0.3828125 0.6171875
vn 0 0 -1
vn 1 0 0
vn 0 0 1
vn -1 0 0
vn 0 1 0
vn 0 -1 0
usemtl m_73ea9012-a678-1671-b48b-259b58440f2a
f 119/339/85 117/338/85 114/337/85
f 116/340/85 119/339/85 114/337/85
f 116/343/86 114/342/86 113/341/86
f 115/344/86 116/343/86 113/341/86
f 115/347/87 113/346/87 118/345/87
f 120/348/87 115/347/87 118/345/87
f 120/351/88 118/350/88 117/349/88
f 119/352/88 120/351/88 117/349/88
f 113/355/89 114/354/89 117/353/89
f 118/356/89 113/355/89 117/353/89
f 116/359/90 115/358/90 120/357/90
f 119/360/90 116/359/90 120/357/90
o cube
v 0.16874999999999996 1.29375 0.07499999999999996
v 0.16874999999999996 1.29375 -0.012500000000000011
v 0.16874999999999996 1.26875 0.07499999999999996
v 0.16874999999999996 1.26875 -0.012500000000000011
v 0.08125000000000004 1.29375 -0.012500000000000011
v 0.08125000000000004 1.29375 0.07499999999999996
v 0.08125000000000004 1.26875 -0.012500000000000011
v 0.08125000000000004 1.26875 0.07499999999999996
vt 0 1
vt 0.0078125 1
vt 0.0078125 1
vt 0 1
vt 0 1
vt 0.0078125 1
vt 0.0078125 1
vt 0 1
vt 0 1
vt 0.0078125 1
vt 0.0078125 1
vt 0 1
vt 0 1
vt 0.0078125 1
vt 0.0078125 1
vt 0 1
vt 0.390625 0.8671875
vt 0.3828125 0.8671875
vt 0.3828125 0.875
vt 0.390625 0.875
vt 0.390625 0.8671875
vt 0.3828125 0.8671875
vt 0.3828125 0.859375
vt 0.390625 0.859375
vn 0 0 -1
vn 1 0 0
vn 0 0 1
vn -1 0 0
vn 0 1 0
vn 0 -1 0
usemtl m_73ea9012-a678-1671-b48b-259b58440f2a
f 127/363/91 125/362/91 122/361/91
f 124/364/91 127/363/91 122/361/91
f 124/367/92 122/366/92 121/365/92
f 123/368/92 124/367/92 121/365/92
f 123/371/93 121/370/93 126/369/93
f 128/372/93 123/371/93 126/369/93
f 128/375/94 126/374/94 125/373/94
f 127/376/94 128/375/94 125/373/94
f 121/379/95 122/378/95 125/377/95
f 126/380/95 121/379/95 125/377/95
f 124/383/96 123/382/96 128/381/96
f 127/384/96 124/383/96 128/381/96
o cube
v -0.31749315885881346 1.5273321135329687 -0.035292183989548864
v -0.10456976315014732 1.2735798917498071 -0.035292183989548864
v -0.3079176033198261 1.5353669586540506 -0.035292183989548864
v -0.09499420761115995 1.281614736870889 -0.035292183989548864
v -0.10456976315014732 1.2735798917498071 0.08970781601045108
v -0.31749315885881346 1.5273321135329687 0.08970781601045108
v -0.09499420761115995 1.281614736870889 0.08970781601045108
v -0.3079176033198261 1.5353669586540506 0.08970781601045108
vt 0.375 0.9375
vt 0.390625 0.9375
vt 0.390625 0.9296875
vt 0.375 0.9296875
vt 0.3515625 0.796875
vt 0.390625 0.796875
vt 0.390625 0.7890625
vt 0.3515625 0.7890625
vt 0.375 0.9296875
vt 0.390625 0.9296875
vt 0.390625 0.921875
vt 0.375 0.921875
vt 0.3515625 0.7890625
vt 0.390625 0.7890625
vt 0.390625 0.78125
vt 0.3515625 0.78125
vt 0.375 0.921875
vt 0.359375 0.921875
vt 0.359375 0.9609375
vt 0.375 0.9609375
vt 0.3828125 0.890625
vt 0.3671875 0.890625
vt 0.3671875 0.8515625
vt 0.3828125 0.8515625
vn 0.6427876096865391 -0.7660444431189782 2.5661529019717157e-16
vn 4.252400893184229e-17 3.568188021088823e-17 -1
vn -0.6427876096865391 0.7660444431189782 -2.5661529019717157e-16
vn -4.252400893184229e-17 -3.568188021088823e-17 1
vn -0.7660444431189781 -0.6427876096865393 -2.194621733801655e-16
vn 0.7660444431189781 0.6427876096865393 2.194621733801655e-16
usemtl m_73ea9012-a678-1671-b48b-259b58440f2a
f 135/387/97 133/386/97 130/385/97
f 132/388/97 135/387/97 130/385/97
f 132/391/98 130/390/98 129/389/98
f 131/392/98 132/391/98 129/389/98
f 131/395/99 129/394/99 134/393/99
f 136/396/99 131/395/99 134/393/99
f 136/399/100 134/398/100 133/397/100
f 135/400/100 136/399/100 133/397/100
f 129/403/101 130/402/101 133/401/101
f 134/404/101 129/403/101 133/401/101
f 132/407/102 131/406/102 136/405/102
f 135/408/102 132/407/102 136/405/102
o cube
v 0.3710947160479733 1.5231490444566504 0.08970781601045108
v 0.15817132033930714 1.269396822673489 0.08970781601045108
v 0.3615191605089859 1.5311838895777323 0.08970781601045108
v 0.14859576480031977 1.277431667794571 0.08970781601045108
v 0.15817132033930714 1.269396822673489 -0.035292183989548864
v 0.37109471604797317 1.5231490444566504 -0.035292183989548864
v 0.14859576480031977 1.277431667794571 -0.035292183989548864
v 0.3615191605089858 1.5311838895777323 -0.035292183989548864
vt 0.375 0.6796875
vt 0.390625 0.6796875
vt 0.390625 0.671875
vt 0.375 0.671875
vt 0.359375 0.921875
vt 0.3984375 0.921875
vt 0.3984375 0.9140625
vt 0.359375 0.9140625
vt 0.375 0.671875
vt 0.390625 0.671875
vt 0.390625 0.6640625
vt 0.375 0.6640625
vt 0.359375 0.9140625
vt 0.3984375 0.9140625
vt 0.3984375 0.90625
vt 0.359375 0.90625
vt 0.3828125 0.8125
vt 0.3671875 0.8125
vt 0.3671875 0.8515625
vt 0.3828125 0.8515625
vt 0.390625 1
vt 0.375 1
vt 0.375 0.9609375
vt 0.390625 0.9609375
vn -0.6427876096865391 -0.7660444431189782 2.5661529019717157e-16
vn 4.252400893184229e-17 -3.568188021088823e-17 1
vn 0.6427876096865391 0.7660444431189782 -2.5661529019717157e-16
vn -4.252400893184229e-17 3.568188021088823e-17 -1
vn 0.7660444431189781 -0.6427876096865393 -2.194621733801655e-16
vn -0.7660444431189781 0.6427876096865393 2.194621733801655e-16
usemtl m_73ea9012-a678-1671-b48b-259b58440f2a
f 143/411/103 141/410/103 138/409/103
f 140/412/103 143/411/103 138/409/103
f 140/415/104 138/414/104 137/413/104
f 139/416/104 140/415/104 137/413/104
f 139/419/105 137/418/105 142/417/105
f 144/420/105 139/419/105 142/417/105
f 144/423/106 142/422/106 141/421/106
f 143/424/106 144/423/106 141/421/106
f 137/427/107 138/426/107 141/425/107
f 142/428/107 137/427/107 141/425/107
f 140/431/108 139/430/108 144/429/108
f 143/432/108 140/431/108 144/429/108